0.870629649362380
0.681611014253369
0.759486470272676
0.626737095370500
0.433793976014284
0.771619154279298
0.558527245627038
0.240592550553507
0.620967995137695
0.338026830075635
0.460868694170131
0.224314814941209
0.265625767958097
0.416314986646863
0.158682979873472
0.899943710553601
0.332023359428070
0.447269333049480
0.566042649704235
0.784776482639605
0.677608921917329
0.877647843723450
0.724560771958136
0.426763293647043
0.750080258254038
0.480055905444050
0.850290440267202
0.762129531876062
0.362328325780179
0.724271849206340
0.758396750251456
0.620412538379172
0.774383141753820
0.710620726520700
0.553421822091029
0.855987825110510
0.595881493649568
0.587470844314827
0.807874669586381
0.657502871976270
0.906747302820350
0.460563130924513
0.363990075300027
0.571554704240357
0.465317533842460
0.794108735619057
0.458598040406527
0.352149644306034
0.673463871550198
0.584940135269152
0.735320580603636
0.165431458438249
0.471622736985519
0.156190364860946
0.737067975328769
0.228523955150398
0.628167787949774
0.722267334209718
0.579608948944783
0.540011142609653
0.911970946247028
0.788938721266863
0.572511289878889
0.820893148451670
0.251891564396662
0.494005762093337
0.556724245296748
0.380169237303229
0.164763881655199
0.411501650496478
0.380836867732695
0.508908814430817
0.670856026518397
0.567917427464025
0.573578290284006
0.583798397519380
0.676479298032954
0.524118941556939
0.708553318614419
0.573405656945655
0.326105936586080
0.304782587219483
0.725308732084668
0.868208260626546
0.826652325524285
0.778645002710033
0.548036090468598
0.619165590470484
0.823837413979275
0.699048437346703
