input : 3.000000
n	xn1			|f(xn1)|
 0 3.000000000000000e+00 9.861228866810978e-02
 1 3.059167373200866e+00 3.692745776079587e-03
 2 3.057106054691600e+00 4.476150597731987e-06
 3 3.057103549998436e+00 6.609823799408332e-12
input : 2.000000 4.000000
n	xn1			|f(xn1)|
 0 2.000000000000000e+00 6.931471805599453e-01
 1 4.000000000000000e+00 2.613705638880109e+00
 2 2.419218645889003e+00 7.077003413730971e-01
 3 2.756039712206013e+00 4.421987159786225e-01
 4 3.317022504001125e+00 5.354807316593784e-01
 5 3.009768959371032e+00 8.222996682146388e-02
 6 3.050670709725762e+00 1.145253099627896e-02
 7 3.057289041659920e+00 3.315284194784773e-04
 8 3.057102843928875e+00 1.261809842834083e-06
 9 3.057103549917540e+00 1.379611980212303e-10
input : 0.750000
n	xn1			|f(xn1)|
 0 7.500000000000000e-01 3.357864376269049e-01
 1 6.883072460969516e-01 2.819126095597957e-02
 2 6.820480690939008e-01 3.223569164387818e-04
 3 6.819748188604164e-01 4.453119828440322e-08
input : 0.500000 1.000000
n	xn1			|f(xn1)|
 0 5.000000000000000e-01 5.000000000000000e-01
 1 1.000000000000000e+00 2.000000000000000e+00
 2 6.000000000000001e-01 3.021130325903070e-01
 3 6.524931709804664e-01 1.223535022158933e-01
 4 6.882226997487054e-01 2.781052374266890e-02
 5 6.816055562499178e-01 1.623411657736940e-03
 6 6.819705209666883e-01 1.886410134188665e-05
 7 6.819748117285146e-01 1.315406050750312e-08
input : 1.480000
n	xn1			|f(xn1)|
 0 1.480000000000000e+00 1.454019840000001e+00
 1 -1.370840417856241e+00 2.378204700664638e+02
 2 -4.381315669251884e-01 7.338751679494213e+01
 3 2.270272822394207e-01 2.208645430508834e+01
 4 6.780027199278047e-01 6.268040823727564e+00
 5 9.499800878161108e-01 1.520403924251738e+00
 6 1.072212280929366e+00 2.323323476431796e-01
 7 1.098791633978647e+00 9.669457269417592e-03
 8 1.099997573285429e+00 1.937982094801782e-05
 9 1.099999999990186e+00 7.837996918169665e-11
input : 2.370000
n	xn1			|f(xn1)|
 0 2.370000000000000e+00 4.075976099999892e-01
 1 2.173993624465746e+00 7.000817979353968e-02
 2 2.199728129219517e+00 7.238094090595837e-04
 3 2.199999966444372e+00 8.932503448022544e-08
input : 3.730000
n	xn1			|f(xn1)|
 0 3.730000000000000e+00 1.159285589999904e+00
 1 3.194343198880759e+00 2.652804933255268e-01
 2 3.307839448245923e+00 2.094191042686333e-02
 3 3.300026946459627e+00 7.173235410817824e-05
 4 3.300000000330000e+00 8.785363547758607e-10
input : 4.610000
n	xn1			|f(xn1)|
 0 4.610000000000000e+00 2.327098409999969e+00
 1 4.449360051176193e+00 4.274177100718433e-01
 2 4.403640504943882e+00 2.924979220524193e-02
 3 4.400021902106858e+00 1.749166102129607e-04
 4 4.400000000799471e+00 6.384603068454453e-09
input : 3.000000
n	xn1			|f(xn1)|
 0 3.000000000000000e+00 9.861228866810978e-02
 1 2.704163133995671e+00 5.207513019400256e-03
 2 2.718245098722536e+00 1.351220623102556e-05
 3 2.718281828210896e+00 9.128897637822320e-11
n	xn1			|f(xn1)|
input : 3.000000
 0 3.000000000000000e+00 9.861228615045547e-02
 1 2.704163074493408e+00 5.207534879446030e-03
 2 2.718245029449463e+00 1.353769039269537e-05
 3 2.718281745910645e+00 3.036786111465517e-08
input : 2.000000 4.000000
n	xn1			|f(xn1)|
 0 3.000000000000000e+00 6.384000000000540e-01
 1 2.500000000000000e+00 6.383999999999972e-01
 2 2.250000000000000e+00 1.298062500000086e-01
 3 2.125000000000000e+00 2.054964843749971e-01
 4 2.187500000000000e+00 3.345974121094031e-02
 5 2.218750000000000e+00 4.947273101806360e-02
 6 2.203125000000000e+00 8.306866550448433e-03
 7 2.195312500000000e+00 1.250448483823874e-02
 8 2.199218750000000e+00 2.080424975979156e-03
 9 2.201171875000000e+00 3.117866029249683e-03
10 2.200195312500000e+00 5.198757007818244e-04
11 2.199707031250000e+00 7.799866123079369e-04
12 2.199951171875000e+00 1.299833533536798e-04
13 2.200073242187500e+00 1.949642113245886e-04
14 2.200012207031250e+00 3.249493688173288e-05
15 2.199981689453125e+00 4.874308145730311e-05
16 2.199996948242188e+00 8.123790557590382e-06
17 2.200004577636719e+00 1.218564359106722e-05
18 2.200000762939453e+00 2.030944109776556e-06
input : 33.000000
n	xn1			|f(xn1)|
 0 3.300000000000000e+01 2.541130581158768e-02
 1 3.299951459544562e+01 2.496786416113750e-02
 2 3.299903765462904e+01 2.453215963067379e-02
 3 3.299856903011232e+01 2.410405726486431e-02
 4 3.299810857702108e+01 2.368342446089855e-02
 5 3.299765615300005e+01 2.327013092759245e-02
 6 3.299721161816949e+01 2.286404864506864e-02
 7 3.299677483508222e+01 2.246505182525027e-02
 8 3.299634566868153e+01 2.207301687301921e-02
 9 3.299592398625971e+01 2.168782234795685e-02
10 3.299550965741736e+01 2.130934892685588e-02
11 3.299510255402334e+01 2.093747936688928e-02
12 3.299470255017550e+01 2.057209846930874e-02
13 3.299430952216196e+01 2.021309304389973e-02
14 3.299392334842319e+01 1.986035187396240e-02
15 3.299354390951466e+01 1.951376568194263e-02
16 3.299317108807011e+01 1.917322709567415e-02
17 3.299280476876559e+01 1.883863061517133e-02
18 3.299244483828392e+01 1.850987258001524e-02
19 3.299209118527997e+01 1.818685113729401e-02
20 3.299174370034638e+01 1.786946621016128e-02
21 3.299140227597994e+01 1.755761946688494e-02
22 3.299106680654856e+01 1.725121429036847e-02
23 3.299073718825876e+01 1.695015574836489e-02
24 3.299041331912379e+01 1.665435056408882e-02
25 3.299009509893224e+01 1.636370708736123e-02
26 3.298978242921721e+01 1.607813526630864e-02
27 3.298947521322604e+01 1.579754661943866e-02
28 3.298917335589054e+01 1.552185420835528e-02
29 3.298887676379768e+01 1.525097261083275e-02
30 3.298858534516093e+01 1.498481789437278e-02
31 3.298829900979195e+01 1.472330759029461e-02
32 3.298801766907283e+01 1.446636066816254e-02
33 3.298774123592882e+01 1.421389751079616e-02
34 3.298746962480152e+01 1.396583988958255e-02
35 3.298720275162252e+01 1.372211094028231e-02
36 3.298694053378751e+01 1.348263513928671e-02
37 3.298668289013086e+01 1.324733828018410e-02
38 3.298642974090056e+01 1.301614745087676e-02
39 3.298618100773373e+01 1.278899101098219e-02
40 3.298593661363238e+01 1.256579856966056e-02
41 3.298569648293979e+01 1.234650096386147e-02
42 3.298546054131707e+01 1.213103023686912e-02
43 3.298522871572037e+01 1.191931961735548e-02
44 3.298500093437826e+01 1.171130349862892e-02
45 3.298477712676967e+01 1.150691741840859e-02
46 3.298455722360214e+01 1.130609803882621e-02
47 3.298434115679041e+01 1.110878312680441e-02
48 3.298412885943547e+01 1.091491153487567e-02
49 3.298392026580392e+01 1.072442318219657e-02
50 3.298371531130768e+01 1.053725903595293e-02
51 3.298351393248408e+01 1.035336109310236e-02
52 3.298331606697626e+01 1.017267236242247e-02
53 3.298312165351398e+01 9.995136846853825e-03
54 3.298293063189467e+01 9.820699526191135e-03
55 3.298274294296485e+01 9.649306340016039e-03
56 3.298255852860193e+01 9.480904171020654e-03
57 3.298237733169621e+01 9.315440828476795e-03
58 3.298219929613330e+01 9.152865032163504e-03
59 3.298202436677676e+01 8.993126396433127e-03
60 3.298185248945111e+01 8.836175414646874e-03
61 3.298168361092512e+01 8.681963443837759e-03
62 3.298151767889529e+01 8.530442689636430e-03
63 3.298135464196983e+01 8.381566191463463e-03
64 3.298119444965268e+01 8.235287808044944e-03
65 3.298103705232796e+01 8.091562203087932e-03
66 3.298088240124468e+01 7.950344831218814e-03
67 3.298073044850161e+01 7.811591924234307e-03
68 3.298058114703255e+01 7.675260477501666e-03
69 3.298043445059177e+01 7.541308236710620e-03
70 3.298029031373969e+01 7.409693684724772e-03
71 3.298014869182893e+01 7.280376028731439e-03
72 3.298000954099041e+01 7.153315187661491e-03
73 3.297987281811987e+01 7.028471779726431e-03
74 3.297973848086453e+01 6.905807110189954e-03
75 3.297960648761000e+01 6.785283159508992e-03
76 3.297947679746741e+01 6.666862571421461e-03
77 3.297934937026079e+01 6.550508641467445e-03
78 3.297922416651467e+01 6.436185305549458e-03
79 3.297910114744183e+01 6.323857128858634e-03
80 3.297898027493136e+01 6.213489294783159e-03
81 3.297886151153685e+01 6.105047594239466e-03
82 3.297874482046483e+01 5.998498414985676e-03
83 3.297863016556339e+01 5.893808731254779e-03
84 3.297851751131100e+01 5.790946093512161e-03
85 3.297840682280555e+01 5.689878618426292e-03
86 3.297829806575350e+01 5.590574978956653e-03
87 3.297819120645936e+01 5.493004394683254e-03
88 3.297808621181521e+01 5.397136622224963e-03
89 3.297798304929048e+01 5.302941945949158e-03
90 3.297788168692190e+01 5.210391168688489e-03
91 3.297778209330360e+01 5.119455602741851e-03
92 3.297768423757740e+01 5.030107060967737e-03
93 3.297758808942328e+01 4.942317848055211e-03
94 3.297749361904998e+01 4.856060751933455e-03
95 3.297740079718582e+01 4.771309035412230e-03
96 3.297730959506958e+01 4.688036427765496e-03
97 3.297721998444171e+01 4.606217116712941e-03
98 3.297713193753547e+01 4.525825740383738e-03
99 3.297704542706841e+01 4.446837379422419e-03
100 3.297696042623394e+01 4.369227549336330e-03
101 3.297687690869297e+01 4.292972192839528e-03
102 3.297679484856583e+01 4.218047672466696e-03
103 3.297671422042423e+01 4.144430763183493e-03
104 3.297663499928341e+01 4.072098645245603e-03
105 3.297655716059437e+01 4.001028897103964e-03
106 3.297648068023631e+01 3.931199488459214e-03
107 3.297640553450918e+01 3.862588773426268e-03
108 3.297633170012628e+01 3.795175483851665e-03
109 3.297625915420713e+01 3.728938722709074e-03
110 3.297618787427035e+01 3.663857957619143e-03
111 3.297611783822670e+01 3.599913014486589e-03
112 3.297604902437224e+01 3.537084071272290e-03
113 3.297598141138166e+01 3.475351651847092e-03
114 3.297591497830161e+01 3.414696619902458e-03
115 3.297584970454425e+01 3.355100173088488e-03
116 3.297578556988090e+01 3.296543837173260e-03
117 3.297572255443573e+01 3.239009460301645e-03
118 3.297566063867963e+01 3.182479207353595e-03
119 3.297559980342420e+01 3.126935554469412e-03
120 3.297554002981573e+01 3.072361283557257e-03
121 3.297548129932944e+01 3.018739477056442e-03
122 3.297542359376371e+01 2.966053512533762e-03
123 3.297536689523444e+01 2.914287057709686e-03
124 3.297531118616953e+01 2.863424065267850e-03
125 3.297525644930343e+01 2.813448767973625e-03
126 3.297520266767181e+01 2.764345673689661e-03
127 3.297514982460627e+01 2.716099560654328e-03
128 3.297509790372922e+01 2.668695472745952e-03
129 3.297504688894880e+01 2.622118714832311e-03
130 3.297499676445386e+01 2.576354848251583e-03
131 3.297494751470914e+01 2.531389686268426e-03
132 3.297489912445037e+01 2.487209289753878e-03
133 3.297485157867960e+01 2.443799962804860e-03
134 3.297480486266057e+01 2.401148248555529e-03
135 3.297475896191408e+01 2.359240924960204e-03
136 3.297471386221356e+01 2.318065000707747e-03
137 3.297466954958065e+01 2.277607711231866e-03
138 3.297462601028089e+01 2.237856514710757e-03
139 3.297458323081942e+01 2.198799088155567e-03
140 3.297454119793684e+01 2.160423323690708e-03
141 3.297449989860508e+01 2.122717324699153e-03
142 3.297445932002340e+01 2.085669402195123e-03
143 3.297441944961438e+01 2.049268071182553e-03
144 3.297438027502005e+01 2.013502047081062e-03
145 3.297434178409807e+01 1.978360242247845e-03
146 3.297430396491795e+01 1.943831762552861e-03
147 3.297426680575737e+01 1.909905903985987e-03
148 3.297423029509851e+01 1.876572149289046e-03
149 3.297419442162457e+01 1.843820164825871e-03
150 3.297415917421616e+01 1.811639797232090e-03
151 3.297412454194792e+01 1.780021070384663e-03
152 3.297409051408513e+01 1.748954182218654e-03
153 3.297405708008037e+01 1.718429501767815e-03
154 3.297402422957024e+01 1.688437566141232e-03
155 3.297399195237219e+01 1.658969077563910e-03
156 3.297396023848133e+01 1.630014900527499e-03
157 3.297392907806734e+01 1.601566058997861e-03
158 3.297389846147145e+01 1.573613733548029e-03
159 3.297386837920340e+01 1.546149258675911e-03
160 3.297383882193854e+01 1.519164120114880e-03
161 3.297380978051493e+01 1.492649952201219e-03
162 3.297378124593047e+01 1.466598535216690e-03
163 3.297375320934019e+01 1.441001792969132e-03
164 3.297372566205341e+01 1.415851790156353e-03
165 3.297369859553113e+01 1.391140729978702e-03
166 3.297367200138333e+01 1.366860951730331e-03
167 3.297364587136640e+01 1.343004928347824e-03
168 3.297362019738058e+01 1.319565264179090e-03
169 3.297359497146746e+01 1.296534692627915e-03
170 3.297357018580747e+01 1.273906073912201e-03
171 3.297354583271751e+01 1.251672392832859e-03
172 3.297352190464856e+01 1.229826756684815e-03
173 3.297349839418330e+01 1.208362392986828e-03
174 3.297347529403388e+01 1.187272647481308e-03
175 3.297345259703958e+01 1.166550982045322e-03
176 3.297343029616466e+01 1.146190972669103e-03
177 3.297340838449616e+01 1.126186307430999e-03
178 3.297338685524174e+01 1.106530784571902e-03
179 3.297336570172760e+01 1.087218310601656e-03
180 3.297334491739639e+01 1.068242898341509e-03
181 3.297332449580518e+01 1.049598665115781e-03
182 3.297330443062349e+01 1.031279830897347e-03
183 3.297328471563129e+01 1.013280716563258e-03
184 3.297326534471713e+01 9.955957420757500e-04
185 3.297324631187616e+01 9.782194248124654e-04
186 3.297322761120834e+01 9.611463778114171e-04
187 3.297320923691661e+01 9.443713081367378e-04
188 3.297319118330503e+01 9.278890152302210e-04
189 3.297317344477710e+01 9.116943892699680e-04
190 3.297315601583395e+01 8.957824096782474e-04
191 3.297313889107269e+01 8.801481434268510e-04
192 3.297312206518472e+01 8.647867436160084e-04
193 3.297310553295405e+01 8.496934479218510e-04
194 3.297308928925575e+01 8.348635771611157e-04
195 3.297307332905429e+01 8.202925337990052e-04
196 3.297305764740206e+01 8.059758005103390e-04
197 3.297304223943775e+01 7.919089388614964e-04
198 3.297302710038490e+01 7.780875878644622e-04
199 3.297301222555040e+01 7.645074626019266e-04
200 3.297299761032306e+01 7.511643529980461e-04
201 3.297298325017213e+01 7.380541224115689e-04
202 3.297296914064595e+01 7.251727064101487e-04
203 3.297295527737054e+01 7.125161115233425e-04
204 3.297294165604826e+01 7.000804139210004e-04
205 3.297292827245646e+01 6.878617583048197e-04
206 3.297291512244618e+01 6.758563566400255e-04
207 3.297290220194087e+01 6.640604870042921e-04
208 3.297288950693512e+01 6.524704924260050e-04
209 3.297287703349342e+01 6.410827797900254e-04
210 3.297286477774894e+01 6.298938186475311e-04
211 3.297285273590234e+01 6.189001401928351e-04
212 3.297284090422056e+01 6.080983361371750e-04
213 3.297282927903573e+01 5.974850577068480e-04
214 3.297281785674395e+01 5.870570145525278e-04
215 3.297280663380425e+01 5.768109737616101e-04
216 3.297279560673741e+01 5.667437588492419e-04
217 3.297278477212498e+01 5.568522487280347e-04
218 3.297277412660813e+01 5.471333768483078e-04
219 3.297276366688666e+01 5.375841301322737e-04
220 3.297275338971797e+01 5.282015480894131e-04
221 3.297274329191605e+01 5.189827219211907e-04
222 3.297273337035047e+01 5.099247936009021e-04
